
Шаг : 1
Центры                : 
age car_crash
23.471275 0.830779
29.818704 0.517060
52.335669 0.275338
Функция потерь        :44.24953478735762
Таблица принадлежности: 
dangerous middle safe
0.969100 0.030326 0.000574
0.045512 0.954319 0.000169
0.001717 0.998269 0.000014
0.040725 0.139671 0.819603
0.043785 0.949305 0.006910
0.025150 0.972463 0.002387
0.061018 0.226066 0.712917
0.001398 0.002813 0.995789
0.985564 0.014227 0.000209
0.018206 0.031638 0.950156
0.010524 0.988892 0.000584
0.025147 0.972465 0.002387
0.000062 0.000135 0.999803
0.002088 0.997847 0.000065
0.978648 0.021286 0.000066

Шаг : 2
Центры                : 
age car_crash
22.016328 0.856905
31.397213 0.509744
55.300587 0.232022
Функция потерь        :30.357275832446717
Таблица принадлежности: 
dangerous middle safe
0.996816 0.003112 0.000072
0.131274 0.867885 0.000841
0.027510 0.972156 0.000334
0.060397 0.385411 0.554192
0.006141 0.992954 0.000905
0.001641 0.998204 0.000155
0.070816 0.509664 0.419520
0.000042 0.000120 0.999838
0.999558 0.000434 0.000008
0.006871 0.015602 0.977527
0.000087 0.999908 0.000005
0.001641 0.998204 0.000155
0.000023 0.000074 0.999902
0.000031 0.999968 0.000001
0.926695 0.072893 0.000412

Шаг : 3
Центры                : 
age car_crash
21.721724 0.862000
31.844461 0.506623
57.871152 0.199984
Функция потерь        :29.801468357811515
Таблица принадлежности: 
dangerous middle safe
0.998346 0.001620 0.000034
0.162758 0.836336 0.000906
0.041760 0.957813 0.000426
0.074792 0.562684 0.362524
0.003035 0.996633 0.000332
0.000506 0.999458 0.000036
0.077568 0.666565 0.255867
0.000004 0.000014 0.999982
0.999877 0.000121 0.000002
0.002444 0.005936 0.991621
0.000001 0.999999 0.000000
0.000506 0.999457 0.000036
0.000853 0.002989 0.996158
0.000341 0.999649 0.000010
0.920442 0.079131 0.000427

Шаг : 4
Центры                : 
age car_crash
21.694881 0.862436
32.281805 0.502282
58.512395 0.191881
Функция потерь        :30.69848704138977
Таблица принадлежности: 
dangerous middle safe
0.998606 0.001363 0.000030
0.215238 0.783629 0.001133
0.064806 0.934572 0.000622
0.072884 0.621976 0.305140
0.001419 0.998438 0.000143
0.000103 0.999890 0.000007
0.072797 0.717688 0.209515
0.000028 0.000091 0.999881
0.999905 0.000093 0.000002
0.001785 0.004542 0.993672
0.000006 0.999994 0.000000
0.000103 0.999890 0.000007
0.001414 0.005306 0.993280
0.001354 0.998609 0.000037
0.932540 0.067043 0.000417
